20010101
20010201
20010301
20010401
20010501
20010601
20010701
20010801
20010901
20011001
20011101
20011201
20011301
20011401
20011501
20050201
20050301
20050401
20050501
20050601
20050701
20050801
20050901
20060101
20060201
20060301
20060401
20060501
20060601
26120301
26120201
26120101
21010101
21010201
21010301
21010401
21010501
21010601
21010701
21010901
21011001
21011201
21011301
21011401
21011601
21020101
21020201
21020301
21020401
21020501
21020601
21020701
21020801
21030101
21030201
21030301
21030401
21030501
21030601
22010101
22010201
22010301
22010401
22020101
22040101
22040201
22050101
22050201
23010101
23010201
23010301
23010401
23010501
23010601
23020101
23020102
23030101
23040101
23050101
24010101
24010201
24010301
24010401
24020101
24020201
24020301
24020401
24030201
24030101
25010201
25010301
25010401
25010501
25010601
25010701
25020101
25020102
25020201
25030101
25030201
25030301
25040101
25050101
25050201
25050301
25050401
25050501
25060101
25070101
25070202
25080101
25080201
25080301
25080401
25100101
25100201
25100301
25100401
25210105
25310201
25210204
25210306
25210504
26010101
26010201
26050601
26050701
26050801
26050901
26051001
26051101
26060101
26060201
26060301
26090101
24040101
24040201
24040301
24050101